  File: `/shared/aliases/apo-pledges'
  Size: 762       	Blocks: 51         IO Block: 131072 regular file
Device: 16h/22d	Inode: 4322827828  Links: 1
Access: (0644/-rw-r--r--)  Uid: ( 9289/rmdailey)   Gid: (   99/  nobody)
Access: 2016-02-23 20:11:57.804827908 -0500
Modify: 2016-02-23 20:11:57.804827908 -0500
Change: 2016-02-23 20:11:57.804827908 -0500
