  File: `/shared/aliases/apo-underclassmen'
  Size: 452       	Blocks: 51         IO Block: 131072 regular file
Device: 16h/22d	Inode: 4382439103  Links: 1
Access: (0644/-rw-r--r--)  Uid: ( 9289/rmdailey)   Gid: ( 9289/rmdailey)
Access: 2014-12-11 01:58:38.252990000 -0500
Modify: 2014-12-11 01:58:38.252990000 -0500
Change: 2015-12-17 12:06:26.187003425 -0500
