  File: `/shared/aliases/apo-social'
  Size: 6071      	Blocks: 51         IO Block: 131072 regular file
Device: 16h/22d	Inode: 4862454064  Links: 1
Access: (0644/-rw-r--r--)  Uid: ( 9289/rmdailey)   Gid: ( 9289/rmdailey)
Access: 2016-02-07 13:20:56.223118907 -0500
Modify: 2016-02-07 13:20:56.223118907 -0500
Change: 2016-02-07 13:20:56.223118907 -0500
