  File: `/shared/aliases/apo-omegas'
  Size: 1214      	Blocks: 51         IO Block: 131072 regular file
Device: 16h/22d	Inode: 4862454062  Links: 1
Access: (0644/-rw-r--r--)  Uid: ( 9998/  bdiniz)   Gid: (   99/  nobody)
Access: 2016-01-18 18:10:21.855525557 -0500
Modify: 2016-01-18 18:10:21.855525557 -0500
Change: 2016-01-18 18:10:21.855525557 -0500
