  File: `/shared/aliases/apo-oi-alumni'
  Size: 7685      	Blocks: 51         IO Block: 131072 regular file
Device: 16h/22d	Inode: 4322827823  Links: 1
Access: (0644/-rw-r--r--)  Uid: ( 9289/rmdailey)   Gid: ( 9289/rmdailey)
Access: 2015-04-29 18:45:54.927687000 -0400
Modify: 2015-04-29 18:45:54.927687000 -0400
Change: 2015-12-17 12:06:25.318834796 -0500
