  File: `/shared/aliases/apo-alpha'
  Size: 646       	Blocks: 51         IO Block: 131072 regular file
Device: 16h/22d	Inode: 4860722841  Links: 1
Access: (0644/-rw-r--r--)  Uid: ( 7593/  mlasso)   Gid: (   99/  nobody)
Access: 2015-12-14 12:22:19.087617408 -0500
Modify: 2015-12-14 12:22:19.087617408 -0500
Change: 2016-01-17 15:57:00.671817707 -0500
