  File: `/shared/aliases/apo-exec'
  Size: 24        	Blocks: 51         IO Block: 131072 regular file
Device: 16h/22d	Inode: 4322827819  Links: 1
Access: (0644/-rw-r--r--)  Uid: ( 9289/rmdailey)   Gid: ( 9289/rmdailey)
Access: 2016-01-26 15:11:48.440798365 -0500
Modify: 2016-01-26 15:11:48.440798365 -0500
Change: 2016-01-26 15:11:48.440798365 -0500
