  File: `/shared/aliases/apo-pr'
  Size: 33        	Blocks: 51         IO Block: 131072 regular file
Device: 16h/22d	Inode: 4322827830  Links: 1
Access: (0644/-rw-r--r--)  Uid: ( 9289/rmdailey)   Gid: ( 9289/rmdailey)
Access: 2015-12-17 12:28:44.803620260 -0500
Modify: 2015-12-17 12:28:44.803620260 -0500
Change: 2015-12-17 12:28:44.803620260 -0500
