  File: `/shared/aliases/apo-service'
  Size: 153       	Blocks: 51         IO Block: 131072 regular file
Device: 16h/22d	Inode: 4322827837  Links: 1
Access: (0644/-rw-r--r--)  Uid: (15428/aimperiali)   Gid: (   99/  nobody)
Access: 2015-12-13 15:30:35.027034670 -0500
Modify: 2015-12-13 15:30:35.027034670 -0500
Change: 2015-12-13 15:30:35.027034670 -0500
