  File: `/shared/aliases/apo-bids'
  Size: 1511      	Blocks: 51         IO Block: 131072 regular file
Device: 16h/22d	Inode: 4322827814  Links: 1
Access: (0644/-rw-r--r--)  Uid: ( 9289/rmdailey)   Gid: ( 9289/rmdailey)
Access: 2016-01-31 20:06:53.758674128 -0500
Modify: 2016-01-31 20:06:53.758674128 -0500
Change: 2016-01-31 20:06:53.758674128 -0500
