  File: `/shared/aliases/apoheadsofhouse'
  Size: 219       	Blocks: 51         IO Block: 131072 regular file
Device: 16h/22d	Inode: 4322827848  Links: 1
Access: (0644/-rw-r--r--)  Uid: ( 9289/rmdailey)   Gid: ( 9289/rmdailey)
Access: 2015-12-17 12:31:02.191100284 -0500
Modify: 2015-12-17 12:31:02.191100284 -0500
Change: 2015-12-17 12:31:02.191100284 -0500
