  File: `/shared/aliases/execsnogeorge'
  Size: 573       	Blocks: 51         IO Block: 131072 regular file
Device: 16h/22d	Inode: 4322829538  Links: 1
Access: (0644/-rw-r--r--)  Uid: ( 9289/rmdailey)   Gid: ( 9289/rmdailey)
Access: 2016-01-12 09:50:21.143546611 -0500
Modify: 2016-01-12 09:50:21.143546611 -0500
Change: 2016-01-12 09:50:21.143546611 -0500
