  File: `/shared/aliases/freefood'
  Size: 1047      	Blocks: 51         IO Block: 131072 regular file
Device: 16h/22d	Inode: 4863046727  Links: 1
Access: (0644/-rw-r--r--)  Uid: ( 8161/ djlocke)   Gid: (   99/  nobody)
Access: 2016-02-29 20:32:37.214215399 -0500
Modify: 2016-02-29 20:32:37.214215399 -0500
Change: 2016-02-29 20:32:37.214215399 -0500
