  File: `/shared/aliases/ift'
  Size: 1302      	Blocks: 51         IO Block: 131072 regular file
Device: 16h/22d	Inode: 4416103487  Links: 1
Access: (0644/-rw-r--r--)  Uid: ( 5480/ rmmoran)   Gid: (   99/  nobody)
Access: 2014-04-09 18:34:51.384768818 -0400
Modify: 2014-04-09 18:34:51.384768818 -0400
Change: 2014-09-10 12:52:53.501421345 -0400
