  File: `/shared/aliases/apo-chairs'
  Size: 519       	Blocks: 51         IO Block: 131072 regular file
Device: 17h/23d	Inode: 4322827817  Links: 1
Access: (0644/-rw-r--r--)  Uid: (15392/ alleahy)   Gid: (15392/ alleahy)
Access: 2015-04-26 17:22:49.536278000 -0400
Modify: 2015-04-26 17:22:49.536278000 -0400
Change: 2015-09-13 09:44:53.882603794 -0400
