  File: `/shared/aliases/apo-omegas'
  Size: 1001      	Blocks: 51         IO Block: 131072 regular file
Device: 17h/23d	Inode: 4862454062  Links: 1
Access: (0644/-rw-r--r--)  Uid: (12659/mjgiroux)   Gid: (   99/  nobody)
Access: 2015-04-24 15:57:51.755784000 -0400
Modify: 2015-04-24 15:57:51.755784000 -0400
Change: 2015-10-14 13:24:27.629491394 -0400
