  File: `/shared/aliases/apo-exec'
  Size: 681       	Blocks: 51         IO Block: 131072 regular file
Device: 17h/23d	Inode: 4322827819  Links: 1
Access: (0644/-rw-r--r--)  Uid: (15392/ alleahy)   Gid: (15392/ alleahy)
Access: 2015-08-26 18:04:09.949444000 -0400
Modify: 2015-08-26 18:04:09.949444000 -0400
Change: 2015-09-12 17:19:48.796722426 -0400
