  File: `/shared/aliases/apo-phi'
  Size: 506       	Blocks: 51         IO Block: 131072 regular file
Device: 17h/23d	Inode: 4860262397  Links: 1
Access: (0644/-rw-r--r--)  Uid: (15856/jrdenoncour)   Gid: (   99/  nobody)
Access: 2015-04-20 14:31:09.792502000 -0400
Modify: 2015-04-20 14:31:09.792502000 -0400
Change: 2015-10-14 13:24:27.857383380 -0400
