  File: `/shared/aliases/apo-alpha'
  Size: 531       	Blocks: 51         IO Block: 131072 regular file
Device: 17h/23d	Inode: 4860722841  Links: 1
Access: (0644/-rw-r--r--)  Uid: (15908/ ogsteen)   Gid: (   99/  nobody)
Access: 2015-04-27 23:47:02.826932000 -0400
Modify: 2015-04-27 23:47:02.826932000 -0400
Change: 2015-10-14 13:24:26.572814562 -0400
