  File: `/shared/aliases/apo-service'
  Size: 101       	Blocks: 51         IO Block: 131072 regular file
Device: 17h/23d	Inode: 4322827837  Links: 1
Access: (0644/-rw-r--r--)  Uid: (15428/aimperiali)   Gid: (   99/  nobody)
Access: 2015-09-16 16:15:52.604922749 -0400
Modify: 2015-09-16 16:15:52.604922749 -0400
Change: 2015-09-16 16:15:52.604922749 -0400
