  File: `/shared/aliases/apo-membership'
  Size: 35        	Blocks: 51         IO Block: 131072 regular file
Device: 17h/23d	Inode: 4322827822  Links: 1
Access: (0644/-rw-r--r--)  Uid: (15392/ alleahy)   Gid: (15392/ alleahy)
Access: 2015-05-07 15:58:10.006392000 -0400
Modify: 2015-05-07 15:58:10.006392000 -0400
Change: 2015-09-12 17:19:48.933204315 -0400
