  File: `/shared/aliases/apo-president'
  Size: 30        	Blocks: 51         IO Block: 131072 regular file
Device: 17h/23d	Inode: 4322827831  Links: 1
Access: (0644/-rw-r--r--)  Uid: (15392/ alleahy)   Gid: (15392/ alleahy)
Access: 2015-08-26 20:47:52.108451000 -0400
Modify: 2015-08-26 20:47:52.108451000 -0400
Change: 2015-09-12 17:19:49.177764788 -0400
