  File: `/shared/aliases/apo-underclassmen'
  Size: 452       	Blocks: 51         IO Block: 131072 regular file
Device: 17h/23d	Inode: 4382439103  Links: 1
Access: (0644/-rw-r--r--)  Uid: (15392/ alleahy)   Gid: (15392/ alleahy)
Access: 2014-12-11 01:58:38.252990000 -0500
Modify: 2014-12-11 01:58:38.252990000 -0500
Change: 2015-09-12 16:17:54.661816293 -0400
