  File: `/shared/aliases/apo-pledges'
  Size: 1093      	Blocks: 51         IO Block: 131072 regular file
Device: 17h/23d	Inode: 4322827828  Links: 1
Access: (0644/-rw-r--r--)  Uid: ( 8634/  cmbora)   Gid: (   99/  nobody)
Access: 2015-09-25 13:19:49.276643122 -0400
Modify: 2015-09-25 13:19:49.276643122 -0400
Change: 2015-09-25 13:20:04.169028392 -0400
