  File: `/shared/aliases/apo-oi-alumni'
  Size: 7685      	Blocks: 51         IO Block: 131072 regular file
Device: 17h/23d	Inode: 4322827823  Links: 1
Access: (0644/-rw-r--r--)  Uid: (15392/ alleahy)   Gid: (15392/ alleahy)
Access: 2015-04-29 18:45:54.927687000 -0400
Modify: 2015-04-29 18:45:54.927687000 -0400
Change: 2015-09-13 09:44:54.159865345 -0400
