  File: `/shared/aliases/apo-prospective'
  Size: 6924      	Blocks: 51         IO Block: 131072 regular file
Device: 17h/23d	Inode: 4322827832  Links: 1
Access: (0644/-rw-r--r--)  Uid: (15392/ alleahy)   Gid: (15392/ alleahy)
Access: 2015-09-11 11:00:26.755042000 -0400
Modify: 2015-09-11 11:00:26.755042000 -0400
Change: 2015-09-12 17:19:49.209693851 -0400
