  File: `/shared/aliases/apo-recruitment'
  Size: 164       	Blocks: 51         IO Block: 131072 regular file
Device: 17h/23d	Inode: 4322827833  Links: 1
Access: (0644/-rw-r--r--)  Uid: (15392/ alleahy)   Gid: (15392/ alleahy)
Access: 2015-04-26 17:03:15.977468000 -0400
Modify: 2015-04-26 17:03:15.977468000 -0400
Change: 2015-09-12 17:19:49.228772597 -0400
