  File: `/shared/aliases/apo-slides'
  Size: 94        	Blocks: 51         IO Block: 131072 regular file
Device: 17h/23d	Inode: 4322827838  Links: 1
Access: (0644/-rw-r--r--)  Uid: (15392/ alleahy)   Gid: (15392/ alleahy)
Access: 2015-08-26 20:48:23.694022000 -0400
Modify: 2015-08-26 20:48:23.694022000 -0400
Change: 2015-09-12 17:19:49.406114002 -0400
