  File: `/shared/aliases/apo-sergeantatarms'
  Size: 31        	Blocks: 51         IO Block: 131072 regular file
Device: 17h/23d	Inode: 4322827836  Links: 1
Access: (0644/-rw-r--r--)  Uid: (15392/ alleahy)   Gid: (15392/ alleahy)
Access: 2015-05-07 16:06:53.438463000 -0400
Modify: 2015-05-07 16:06:53.438463000 -0400
Change: 2015-09-12 17:19:49.359234968 -0400
