  File: `/shared/aliases/apo-bids'
  Size: 425       	Blocks: 51         IO Block: 131072 regular file
Device: 17h/23d	Inode: 4322827814  Links: 1
Access: (0644/-rw-r--r--)  Uid: (15392/ alleahy)   Gid: (15392/ alleahy)
Access: 2015-09-15 21:42:47.975747214 -0400
Modify: 2015-09-15 21:42:47.975747214 -0400
Change: 2015-09-15 21:42:47.975747214 -0400
