  File: `/shared/aliases/apo-social'
  Size: 5046      	Blocks: 51         IO Block: 131072 regular file
Device: 17h/23d	Inode: 4862454064  Links: 1
Access: (0644/-rw-r--r--)  Uid: (15392/ alleahy)   Gid: (15392/ alleahy)
Access: 2015-08-25 19:54:08.268527000 -0400
Modify: 2015-08-25 19:54:08.268527000 -0400
Change: 2015-10-14 13:24:29.522574240 -0400
