  File: `/shared/aliases/apo-secretary'
  Size: 35        	Blocks: 51         IO Block: 131072 regular file
Device: 17h/23d	Inode: 4322827835  Links: 1
Access: (0644/-rw-r--r--)  Uid: (15392/ alleahy)   Gid: (15392/ alleahy)
Access: 2015-05-07 16:05:17.686498000 -0400
Modify: 2015-05-07 16:05:17.686498000 -0400
Change: 2015-09-12 17:19:49.341787666 -0400
