  File: `/shared/aliases/freefood'
  Size: 648       	Blocks: 51         IO Block: 131072 regular file
Device: 17h/23d	Inode: 4863046727  Links: 1
Access: (0644/-rw-r--r--)  Uid: ( 8161/ djlocke)   Gid: (   99/  nobody)
Access: 2015-10-08 16:44:20.369186000 -0400
Modify: 2015-10-08 16:44:20.369186000 -0400
Change: 2015-10-14 13:28:54.260955505 -0400
