  File: `/shared/aliases/apo-pledgetrainer'
  Size: 72        	Blocks: 51         IO Block: 131072 regular file
Device: 18h/24d	Inode: 4322827829  Links: 1
Access: (0644/-rw-r--r--)  Uid: ( 9367/ aeleiro)   Gid: ( 9367/ aeleiro)
Access: 2014-09-16 20:47:28.131015333 -0400
Modify: 2014-09-16 20:47:28.131015333 -0400
Change: 2014-09-16 20:47:28.131015333 -0400
