  File: `/shared/aliases/apo-exec'
  Size: 741       	Blocks: 51         IO Block: 131072 regular file
Device: 18h/24d	Inode: 4322827819  Links: 1
Access: (0644/-rw-r--r--)  Uid: ( 9367/ aeleiro)   Gid: ( 9367/ aeleiro)
Access: 2014-05-24 00:03:52.615023020 -0400
Modify: 2014-05-24 00:03:52.615023020 -0400
Change: 2014-05-28 12:50:58.705614234 -0400
