  File: `/shared/aliases/apo-chairs'
  Size: 615       	Blocks: 51         IO Block: 131072 regular file
Device: 18h/24d	Inode: 4322827817  Links: 1
Access: (0644/-rw-r--r--)  Uid: ( 9367/ aeleiro)   Gid: ( 9367/ aeleiro)
Access: 2013-08-29 21:25:33.925003579 -0400
Modify: 2013-08-29 21:25:33.925003579 -0400
Change: 2014-05-28 12:50:58.699722597 -0400
