  File: `/shared/aliases/apo-bids'
  Size: 838       	Blocks: 51         IO Block: 131072 regular file
Device: 18h/24d	Inode: 4322827814  Links: 1
Access: (0644/-rw-r--r--)  Uid: ( 9367/ aeleiro)   Gid: ( 9367/ aeleiro)
Access: 2014-09-16 22:00:04.399408409 -0400
Modify: 2014-09-16 22:00:04.399408409 -0400
Change: 2014-09-16 22:00:04.399408409 -0400
