  File: `/shared/aliases/apo-sergeantatarms'
  Size: 32        	Blocks: 51         IO Block: 131072 regular file
Device: 18h/24d	Inode: 4322827836  Links: 1
Access: (0644/-rw-r--r--)  Uid: ( 9367/ aeleiro)   Gid: ( 9367/ aeleiro)
Access: 2014-06-02 16:21:23.613328701 -0400
Modify: 2014-06-02 16:21:23.613328701 -0400
Change: 2014-06-02 16:21:23.613328701 -0400
