  File: `/shared/aliases/apo-pr'
  Size: 42        	Blocks: 51         IO Block: 131072 regular file
Device: 18h/24d	Inode: 4322827830  Links: 1
Access: (0644/-rw-r--r--)  Uid: ( 9367/ aeleiro)   Gid: ( 9367/ aeleiro)
Access: 2014-06-02 16:19:08.397085798 -0400
Modify: 2014-06-02 16:19:08.397085798 -0400
Change: 2014-06-02 16:19:08.397085798 -0400
