  File: `/shared/aliases/apo-president'
  Size: 33        	Blocks: 51         IO Block: 131072 regular file
Device: 18h/24d	Inode: 4322827831  Links: 1
Access: (0644/-rw-r--r--)  Uid: ( 9367/ aeleiro)   Gid: ( 9367/ aeleiro)
Access: 2014-06-02 16:15:33.379918898 -0400
Modify: 2014-06-02 16:15:33.379918898 -0400
Change: 2014-06-02 16:15:33.379918898 -0400
