  File: `/shared/aliases/apo-slides'
  Size: 106       	Blocks: 51         IO Block: 131072 regular file
Device: 18h/24d	Inode: 4322827838  Links: 1
Access: (0644/-rw-r--r--)  Uid: ( 9367/ aeleiro)   Gid: ( 9367/ aeleiro)
Access: 2014-05-20 13:54:05.185920560 -0400
Modify: 2014-05-20 13:54:05.185920560 -0400
Change: 2014-05-28 12:50:58.785213173 -0400
