  File: `/shared/aliases/apo-alpha'
  Size: 645       	Blocks: 51         IO Block: 131072 regular file
Device: 18h/24d	Inode: 4338086773  Links: 1
Access: (0644/-rw-r--r--)  Uid: ( 7885/hjthompson)   Gid: (   99/  nobody)
Access: 2014-03-30 23:01:54.104360992 -0400
Modify: 2014-03-30 23:01:54.104360992 -0400
Change: 2014-05-21 09:24:03.978027256 -0400
