  File: `/shared/aliases/apo-phi'
  Size: 609       	Blocks: 51         IO Block: 131072 regular file
Device: 18h/24d	Inode: 4423438586  Links: 1
Access: (0644/-rw-r--r--)  Uid: ( 7751/kstonkevitch)   Gid: (   99/  nobody)
Access: 2013-11-26 16:21:31.265744565 -0500
Modify: 2013-11-26 16:21:31.265744565 -0500
Change: 2014-01-05 22:56:57.653994638 -0500
