  File: `/shared/aliases/apo-membership'
  Size: 82        	Blocks: 51         IO Block: 131072 regular file
Device: 18h/24d	Inode: 4322827822  Links: 1
Access: (0644/-rw-r--r--)  Uid: ( 9367/ aeleiro)   Gid: ( 9367/ aeleiro)
Access: 2014-05-20 12:50:59.602471892 -0400
Modify: 2014-05-20 12:50:59.602471892 -0400
Change: 2014-05-28 12:50:58.721750535 -0400
