  File: `/shared/aliases/apo-social'
  Size: 6353      	Blocks: 51         IO Block: 131072 regular file
Device: 18h/24d	Inode: 4342305008  Links: 1
Access: (0644/-rw-r--r--)  Uid: ( 9367/ aeleiro)   Gid: ( 3772/ekpaulson)
Access: 2014-09-16 08:26:25.420201249 -0400
Modify: 2014-09-16 08:26:25.420201249 -0400
Change: 2014-09-16 08:26:25.420201249 -0400
