  File: `/shared/aliases/apo-conclave'
  Size: 39        	Blocks: 51         IO Block: 131072 regular file
Device: 18h/24d	Inode: 4426291228  Links: 1
Access: (0644/-rw-r--r--)  Uid: (12533/krpeffer)   Gid: (   99/  nobody)
Access: 2014-09-10 18:02:23.248614845 -0400
Modify: 2014-09-10 18:02:23.248614845 -0400
Change: 2014-09-10 18:02:23.248614845 -0400
