  File: `/shared/aliases/execsnogeorge'
  Size: 590       	Blocks: 51         IO Block: 131072 regular file
Device: 18h/24d	Inode: 4322829538  Links: 1
Access: (0644/-rw-r--r--)  Uid: ( 9367/ aeleiro)   Gid: ( 9367/ aeleiro)
Access: 2014-05-20 13:51:59.653941553 -0400
Modify: 2014-05-20 13:51:59.653941553 -0400
Change: 2014-05-28 12:50:58.824722639 -0400
