  File: `/shared/aliases/freefood'
  Size: 299       	Blocks: 51         IO Block: 131072 regular file
Device: 18h/24d	Inode: 4418102776  Links: 1
Access: (0644/-rw-r--r--)  Uid: ( 8161/ djlocke)   Gid: (   99/  nobody)
Access: 2014-09-12 11:46:49.734159111 -0400
Modify: 2014-09-12 11:46:49.734159111 -0400
Change: 2014-09-12 11:46:49.734159111 -0400
