  File: `/shared/aliases/apo-underclassmen'
  Size: 1928      	Blocks: 51         IO Block: 131072 regular file
Device: 18h/24d	Inode: 4382439103  Links: 1
Access: (0644/-rw-r--r--)  Uid: ( 9367/ aeleiro)   Gid: ( 9367/ aeleiro)
Access: 2013-10-30 18:09:54.692392881 -0400
Modify: 2013-10-30 18:09:54.692392881 -0400
Change: 2014-05-28 12:50:58.800824010 -0400
