  File: `/shared/aliases/apo-omegas'
  Size: 2160      	Blocks: 51         IO Block: 131072 regular file
Device: 18h/24d	Inode: 4344746390  Links: 1
Access: (0644/-rw-r--r--)  Uid: ( 8367/   asing)   Gid: (   99/  nobody)
Access: 2014-02-25 17:28:43.323694931 -0500
Modify: 2014-02-25 17:28:43.323694931 -0500
Change: 2014-08-28 21:53:13.933195499 -0400
