  File: `/shared/aliases/apo-treasurer'
  Size: 38        	Blocks: 51         IO Block: 131072 regular file
Device: 18h/24d	Inode: 4322827844  Links: 1
Access: (0644/-rw-r--r--)  Uid: ( 9367/ aeleiro)   Gid: ( 9367/ aeleiro)
Access: 2014-06-02 16:17:12.463888762 -0400
Modify: 2014-06-02 16:17:12.463888762 -0400
Change: 2014-06-02 16:17:12.463888762 -0400
