  File: `/shared/aliases/apo-prospective'
  Size: 3027      	Blocks: 51         IO Block: 131072 regular file
Device: 18h/24d	Inode: 4322827832  Links: 1
Access: (0644/-rw-r--r--)  Uid: ( 9367/ aeleiro)   Gid: ( 9367/ aeleiro)
Access: 2014-09-11 16:41:20.647947878 -0400
Modify: 2014-09-11 16:41:20.647947878 -0400
Change: 2014-09-11 16:41:20.647947878 -0400
