  File: `/shared/aliases/apo-fellowship'
  Size: 75        	Blocks: 51         IO Block: 131072 regular file
Device: 18h/24d	Inode: 4322827820  Links: 1
Access: (0644/-rw-r--r--)  Uid: ( 9367/ aeleiro)   Gid: ( 3772/ekpaulson)
Access: 2014-05-20 13:59:41.120169907 -0400
Modify: 2014-05-20 13:59:41.120169907 -0400
Change: 2014-05-20 13:59:41.120169907 -0400
