  File: `/shared/aliases/apo-pledges'
  Size: 632       	Blocks: 51         IO Block: 131072 regular file
Device: 18h/24d	Inode: 4322827828  Links: 1
Access: (0644/-rw-r--r--)  Uid: ( 5379/ jbmorse)   Gid: (   99/  nobody)
Access: 2014-09-17 10:37:12.576719547 -0400
Modify: 2014-09-17 10:37:12.576719547 -0400
Change: 2014-09-17 10:37:12.576719547 -0400
