  File: `/shared/aliases/apo-oi-alumni'
  Size: 6730      	Blocks: 51         IO Block: 131072 regular file
Device: 18h/24d	Inode: 4322827823  Links: 1
Access: (0644/-rw-r--r--)  Uid: ( 9367/ aeleiro)   Gid: ( 9367/ aeleiro)
Access: 2014-09-02 19:37:57.293189304 -0400
Modify: 2014-09-02 19:37:57.293189304 -0400
Change: 2014-09-02 19:37:57.293189304 -0400
