  File: `/shared/aliases/apo-service'
  Size: 83        	Blocks: 51         IO Block: 131072 regular file
Device: 18h/24d	Inode: 4322827837  Links: 1
Access: (0644/-rw-r--r--)  Uid: ( 8161/ djlocke)   Gid: (   99/  nobody)
Access: 2014-06-11 08:51:24.486319838 -0400
Modify: 2014-06-11 08:51:24.486319838 -0400
Change: 2014-06-11 08:51:24.486319838 -0400
