  File: `/shared/aliases/apo-recruitment'
  Size: 235       	Blocks: 51         IO Block: 131072 regular file
Device: 18h/24d	Inode: 4322827833  Links: 1
Access: (0644/-rw-r--r--)  Uid: ( 9367/ aeleiro)   Gid: ( 9367/ aeleiro)
Access: 2014-05-20 13:56:51.341804831 -0400
Modify: 2014-05-20 13:56:51.341804831 -0400
Change: 2014-05-28 12:50:58.745858609 -0400
