  File: `/shared/aliases/apoheadsofhouse'
  Size: 167       	Blocks: 51         IO Block: 131072 regular file
Device: 18h/24d	Inode: 4322827848  Links: 1
Access: (0644/-rw-r--r--)  Uid: ( 9367/ aeleiro)   Gid: ( 9367/ aeleiro)
Access: 2013-05-06 17:46:23.651171689 -0400
Modify: 2013-05-06 17:46:23.651171689 -0400
Change: 2014-05-28 12:50:58.816548334 -0400
